Title,Publisher,Date,Link
The 1 Figure That Should Give Shiba Inu Investors Hope,The Motley Fool,2022-01-30,https://www.fool.com/investing/2022/01/30/1-figure-that-should-give-shiba-inu-investors-hope/
Elon Musk Believes Robinhood Wallets Are Huge Deal for Dogecoin,U.Today,2022-01-30,https://u.today/elon-musk-believes-robinhood-wallets-are-huge-deal-for-dogecoin
Shiba Inu price could double if SHIB breaks this resistance level,FXStreet,2022-01-30,https://www.fxstreet.com/cryptocurrencies/news/shiba-inu-price-could-double-if-shib-breaks-this-resistance-level-202201302035
"Indonesia’s trading regulator approves trade in Bitcoin, Ethereum, Cardano, but not…",AMBCrypto,2022-01-30,https://ambcrypto.com/indonesias-trading-regulator-approves-trade-bitcoin-ethereum-cardano-but-not/
Top 5 Most Traded Metaverse Crypto Coins With a Market ...,The VR Soldier,2022-01-30,https://thevrsoldier.com/top-5-most-traded-metaverse-crypto-coins-with-a-market-cap-below-500-million-to-watch-in-2022/
PNB Housing Finance To Operationalise 25 New Branches By March,Outlook India,2022-01-30,https://www.outlookindia.com/business/pnb-housing-finance-to-operationalise-25-new-branches-by-march-news-50291
Top 5 Metaverse Crypto Coins Below $0.005 to Watch in 2022,The VR Soldier,2022-01-30,https://thevrsoldier.com/top-5-metaverse-crypto-coins-below-0-005-to-watch-in-2022/
Better Wallets Mean that Web3 Can be Brought to the ...,BeInCrypto,2022-01-30,https://beincrypto.com/better-wallets-mean-that-web3-can-be-brought-to-the-mainstream/
"Polkadot, Tezos, Aave Price Analysis: 30 January",AMBCrypto,2022-01-30,https://ambcrypto.com/polkadot-tezos-aave-price-analysis-30-january/
Stream Coin to Launch ICO on Feb. 1 Before Listing on 100+ ...,BeInCrypto,2022-01-30,https://beincrypto.com/stream-coin-ico-on-feb-1-will-list-on-100-exchanges/
Terra Founder Discusses Plan to Tackle Anchor's Declining ...,BeInCrypto,2022-01-30,https://beincrypto.com/terra-founder-discusses-plan-to-tackle-anchors-declining-reserves-as-luna-tumbles-20/
Exclusiva Max Keiser: Q2 del 2022 América Latina tendrá otro ...,BeInCrypto,2022-01-30,https://es.beincrypto.com/max-keiser-q2-2022-america-latina-otro-pais-bitcoin-bt-como-moneda-de-curso-legal/
2022 Subaru Outback Dual-Function X-Mode - How It Works And If You Even Need It,Torque News,2022-01-30,https://www.torquenews.com/1084/2022-subaru-outback-dual-function-x-mode-how-it-works-and-if-you-even-need-it
Hebdo Crypto #180 - Les actualités Bitcoin et cryptomonnaies ...,Journal Du Coin,2022-01-30,https://journalducoin.com/actualites/hebdo-crypto-180-actualites-bitcoin-cryptomonnaies-semaine/
